00000000001100010000000010110011
01000000011000101000001000110011
00000000100101000111001110110011
00000000110001011110010100110011
00000000111101110100011010110011
00000001001010001001100000110011
00000001010110100101100110110011
00000000101010111000101100010011
00000000010111001111110000010011
00000000001111011110110100010011
00000000010011101000111000000011
00000000100000001001111100000011
00000000000000011010000100000011
00000000010000101000011000100011
00000000011000111001100000100011
00000000100001001010101000100011
00000000101101010000001001100011
11111110110101100001111101100011
